home_name: Home Name
home_latitude: 000.0000000
home_longitude: 000.0000000
xiaomi_gateway_token: 0000000000000000