home_name: Home Name
home_latitude: 000.0000000
home_longitude: 000.0000000
xiaomi_gateway_token: ABCDEF0123456789
bedroom_tv_host: 192.168.0.1
bedroom_tv_mac: 00:00:00:00:00
